This is the starting room

5555555335555555
5555856335555555
5556333335555555
5563333335555555
5633333337555555
3333333333333333
5533333333333355
5533333333333355
5533333333333355
5533333333333355
5555555555555555
5555555555555555

555555533555555555558563355555555556333335555555556333333555555556333333375555553333333333333333553333333333335555333333333333555533333333333355553333333333335555555555555555555555555555555555

This is a room with cacti

5593939339393939
5593939339393939
5533333333333333
5633339339393933
6393933333333333
3333339339393933
5393933333333333
5533339339393933
5533333333333333
5533333333333333
5599999999999999
5599999999999999

559393933939393955939393393939395533333333333333563333933939393363939333333333333333339339393933539393333333333355333393393939335533333333333333553333333333333355999999999999995599999999999999